timestamp,dBw
2025-11-14 09:46:31.152565,54.5
2025-11-14 09:46:31.153565,47.85
2025-11-14 09:46:31.154565,41.2
2025-11-14 09:46:31.155565,34.550000000000004
2025-11-14 09:46:31.156565,27.900000000000006
2025-11-14 09:46:31.157565,21.250000000000007
2025-11-14 09:46:31.158565,27.900000000000006
2025-11-14 09:46:31.159565,34.550000000000004
2025-11-14 09:46:31.160565,31.273021866666646
2025-11-14 09:46:31.161565,37.923021866666645
2025-11-14 09:46:31.162565,44.57302186666664
2025-11-14 09:46:31.163565,51.22302186666664
2025-11-14 09:46:31.164565,57.87302186666664
2025-11-14 09:46:31.165565,64.52302186666664
2025-11-14 09:46:31.166565,71.17302186666664
2025-11-14 09:46:31.167565,77.82302186666665
2025-11-14 09:46:31.168565,71.17302186666664
2025-11-14 09:46:31.169565,64.52302186666664
2025-11-14 09:46:31.170565,59.41085653333336
2025-11-14 09:46:31.171565,52.76085653333336
2025-11-14 09:46:31.172565,54.5
2025-11-14 09:46:31.173565,61.15
2025-11-14 09:46:31.174565,67.8
2025-11-14 09:46:31.175565,74.45
2025-11-14 09:46:31.176565,67.8
2025-11-14 09:46:31.177565,74.45
2025-11-14 09:46:31.178565,81.10000000000001
2025-11-14 09:46:31.179565,87.75000000000001
2025-11-14 09:46:31.180565,94.40000000000002
2025-11-14 09:46:31.181565,101.05000000000003
2025-11-14 09:46:31.182565,94.40000000000002
2025-11-14 09:46:31.183565,87.75000000000001
2025-11-14 09:46:31.184565,81.10000000000001
2025-11-14 09:46:31.185565,74.45
2025-11-14 09:46:31.186565,67.8
2025-11-14 09:46:31.187565,61.15
2025-11-14 09:46:31.188565,54.5
2025-11-14 09:46:31.189565,47.85
2025-11-14 09:46:31.190565,41.2
2025-11-14 09:46:31.191565,36.867675733333094
2025-11-14 09:46:31.192565,43.51767573333309
2025-11-14 09:46:31.193565,50.16767573333309
2025-11-14 09:46:31.194565,56.81767573333309
2025-11-14 09:46:31.195565,63.46767573333309
2025-11-14 09:46:31.196565,70.11767573333309
2025-11-14 09:46:31.197565,76.76767573333309
2025-11-14 09:46:31.198565,83.4176757333331
2025-11-14 09:46:31.199565,76.76767573333309
2025-11-14 09:46:31.200565,70.11767573333309
2025-11-14 09:46:31.201565,63.46767573333309
2025-11-14 09:46:31.202565,56.81767573333309
2025-11-14 09:46:31.203565,63.46767573333309
2025-11-14 09:46:31.204565,70.11767573333309
2025-11-14 09:46:31.205565,71.31134186666671
2025-11-14 09:46:31.206565,77.96134186666671
2025-11-14 09:46:31.207565,81.1
2025-11-14 09:46:31.208565,74.44999999999999
2025-11-14 09:46:31.209565,81.1
2025-11-14 09:46:31.210565,87.75
2025-11-14 09:46:31.211565,83.34518186666632
2025-11-14 09:46:31.212565,76.69518186666632
2025-11-14 09:46:31.213565,70.04518186666631
2025-11-14 09:46:31.214565,63.39518186666631
2025-11-14 09:46:31.215565,56.745181866666314
2025-11-14 09:46:31.216565,50.095181866666316
2025-11-14 09:46:31.217565,43.44518186666632
2025-11-14 09:46:31.218565,36.79518186666632
2025-11-14 09:46:31.219565,30.14518186666632
2025-11-14 09:46:31.220565,23.49518186666632
2025-11-14 09:46:31.221565,24.719349333333227
2025-11-14 09:46:31.222565,31.369349333333226
2025-11-14 09:46:31.223565,38.019349333333224
2025-11-14 09:46:31.224565,44.66934933333322
2025-11-14 09:46:31.225565,51.31934933333322
2025-11-14 09:46:31.226565,57.96934933333322
2025-11-14 09:46:31.227565,64.61934933333322
2025-11-14 09:46:31.228565,57.96934933333322
2025-11-14 09:46:31.229565,51.31934933333322
2025-11-14 09:46:31.230565,44.66934933333322
2025-11-14 09:46:31.231565,51.31934933333322
2025-11-14 09:46:31.232565,54.5
2025-11-14 09:46:31.233565,55.62755626666659
2025-11-14 09:46:31.234565,62.277556266666586
2025-11-14 09:46:31.235565,68.92755626666658
2025-11-14 09:46:31.236565,75.57755626666659
2025-11-14 09:46:31.237565,82.2275562666666
2025-11-14 09:46:31.238565,88.8775562666666
2025-11-14 09:46:31.239565,82.2275562666666
2025-11-14 09:46:31.240565,87.06520959999995
2025-11-14 09:46:31.241565,85.8814741333334
2025-11-14 09:46:31.242565,79.23147413333339
2025-11-14 09:46:31.243565,72.58147413333339
2025-11-14 09:46:31.244565,65.93147413333338
2025-11-14 09:46:31.245565,59.28147413333338
2025-11-14 09:46:31.246565,52.631474133333384
2025-11-14 09:46:31.247565,45.981474133333386
2025-11-14 09:46:31.248565,39.33147413333339
2025-11-14 09:46:31.249565,32.68147413333339
2025-11-14 09:46:31.250565,26.03147413333339
2025-11-14 09:46:31.251565,21.186301866666817
2025-11-14 09:46:31.252565,27.836301866666815
2025-11-14 09:46:31.253565,34.486301866666814
2025-11-14 09:46:31.254565,41.13630186666681
2025-11-14 09:46:31.255565,47.78630186666681
2025-11-14 09:46:31.256565,54.43630186666681
2025-11-14 09:46:31.257565,61.08630186666681
2025-11-14 09:46:31.258565,67.7363018666668
2025-11-14 09:46:31.259565,74.38630186666681
2025-11-14 09:46:31.260565,81.03630186666682
2025-11-14 09:46:31.261565,87.68630186666682
2025-11-14 09:46:31.262565,81.03630186666682
2025-11-14 09:46:31.263565,74.38630186666681
2025-11-14 09:46:31.264565,67.7363018666668
2025-11-14 09:46:31.265565,61.08630186666681
2025-11-14 09:46:31.266565,60.20644480000017
2025-11-14 09:46:31.267565,66.85644480000018
2025-11-14 09:46:31.268565,73.50644480000018
2025-11-14 09:46:31.269565,80.15644480000019
2025-11-14 09:46:31.270565,73.50644480000018
2025-11-14 09:46:31.271565,66.85644480000018
2025-11-14 09:46:31.272565,60.20644480000018
2025-11-14 09:46:31.273565,62.34607786666662
2025-11-14 09:46:31.274565,55.69607786666662
2025-11-14 09:46:31.275565,49.04607786666662
2025-11-14 09:46:31.276565,42.39607786666662
2025-11-14 09:46:31.277565,35.746077866666624
2025-11-14 09:46:31.278565,29.096077866666626
2025-11-14 09:46:31.279565,22.446077866666627
2025-11-14 09:46:31.280565,15.796077866666627
2025-11-14 09:46:31.281565,22.446077866666627
2025-11-14 09:46:31.282565,29.096077866666626
2025-11-14 09:46:31.283565,35.746077866666624
2025-11-14 09:46:31.284565,42.39607786666662
2025-11-14 09:46:31.285565,43.248554666666735
2025-11-14 09:46:31.286565,49.89855466666673
2025-11-14 09:46:31.287565,56.54855466666673
2025-11-14 09:46:31.288565,63.19855466666673
2025-11-14 09:46:31.289565,69.84855466666673
2025-11-14 09:46:31.290565,63.19855466666673
2025-11-14 09:46:31.291565,56.54855466666673
2025-11-14 09:46:31.292565,54.5
2025-11-14 09:46:31.293565,61.15
2025-11-14 09:46:31.294565,67.8
2025-11-14 09:46:31.295565,74.45
2025-11-14 09:46:31.296565,81.10000000000001
2025-11-14 09:46:31.297565,87.75000000000001
2025-11-14 09:46:31.298565,94.40000000000002
2025-11-14 09:46:31.299565,101.05000000000003
2025-11-14 09:46:31.300565,107.70000000000003
2025-11-14 09:46:31.301565,101.05000000000003
2025-11-14 09:46:31.302565,94.40000000000002
2025-11-14 09:46:31.303565,87.75000000000001
2025-11-14 09:46:31.304565,81.10000000000001
2025-11-14 09:46:31.305565,74.45
2025-11-14 09:46:31.306565,67.8
2025-11-14 09:46:31.307565,61.15
2025-11-14 09:46:31.308565,54.5
2025-11-14 09:46:31.309565,61.15
2025-11-14 09:46:31.310565,67.8
2025-11-14 09:46:31.311565,74.45
2025-11-14 09:46:31.312565,67.8
2025-11-14 09:46:31.313565,61.15
2025-11-14 09:46:31.314565,54.5
2025-11-14 09:46:31.315565,47.85
2025-11-14 09:46:31.316565,54.5
2025-11-14 09:46:31.317565,61.15
2025-11-14 09:46:31.318565,67.8
2025-11-14 09:46:31.319565,61.15
2025-11-14 09:46:31.320565,59.4528490666667
2025-11-14 09:46:31.321565,52.8028490666667
2025-11-14 09:46:31.322565,54.5
2025-11-14 09:46:31.323565,47.85
2025-11-14 09:46:31.324565,41.2
2025-11-14 09:46:31.325565,34.550000000000004
2025-11-14 09:46:31.326565,27.900000000000006
2025-11-14 09:46:31.327565,21.250000000000007
2025-11-14 09:46:31.328565,27.900000000000006
2025-11-14 09:46:31.329565,34.550000000000004
2025-11-14 09:46:31.330565,41.2
2025-11-14 09:46:31.331565,47.85
2025-11-14 09:46:31.332565,54.5
2025-11-14 09:46:31.333565,47.85
2025-11-14 09:46:31.334565,54.5
2025-11-14 09:46:31.335565,61.15
2025-11-14 09:46:31.336565,67.8
2025-11-14 09:46:31.337565,74.45
2025-11-14 09:46:31.338565,75.0116501333332
2025-11-14 09:46:31.339565,73.62603840000013
2025-11-14 09:46:31.340565,66.97603840000012
2025-11-14 09:46:31.341565,73.62603840000013
2025-11-14 09:46:31.342565,66.97603840000012
2025-11-14 09:46:31.343565,60.32603840000012
2025-11-14 09:46:31.344565,53.676038400000124
2025-11-14 09:46:31.345565,47.026038400000125
2025-11-14 09:46:31.346565,40.37603840000013
2025-11-14 09:46:31.347565,33.72603840000013
2025-11-14 09:46:31.348565,27.07603840000013
2025-11-14 09:46:31.349565,20.42603840000013
2025-11-14 09:46:31.350565,26.24640213333371
2025-11-14 09:46:31.351565,32.89640213333371
2025-11-14 09:46:31.352565,39.54640213333371
2025-11-14 09:46:31.353565,46.196402133333706
2025-11-14 09:46:31.354565,52.846402133333704
2025-11-14 09:46:31.355565,59.4964021333337
2025-11-14 09:46:31.356565,66.14640213333371
2025-11-14 09:46:31.357565,72.79640213333371
2025-11-14 09:46:31.358565,79.44640213333372
2025-11-14 09:46:31.359565,86.09640213333373
2025-11-14 09:46:31.360565,92.74640213333373
2025-11-14 09:46:31.361565,86.09640213333373
2025-11-14 09:46:31.362565,79.44640213333372
2025-11-14 09:46:31.363565,72.79640213333371
2025-11-14 09:46:31.364565,66.14640213333371
2025-11-14 09:46:31.365565,59.49640213333371
2025-11-14 09:46:31.366565,52.84640213333371
2025-11-14 09:46:31.367565,59.49640213333371
2025-11-14 09:46:31.368565,66.14640213333371
2025-11-14 09:46:31.369565,72.79640213333371
2025-11-14 09:46:31.370565,79.44640213333372
2025-11-14 09:46:31.371565,86.09640213333373
2025-11-14 09:46:31.372565,79.44640213333372
2025-11-14 09:46:31.373565,72.79640213333371
2025-11-14 09:46:31.374565,66.14640213333371
2025-11-14 09:46:31.375565,59.49640213333371
2025-11-14 09:46:31.376565,52.84640213333371
2025-11-14 09:46:31.377565,46.19640213333371
2025-11-14 09:46:31.378565,39.546402133333714
2025-11-14 09:46:31.379565,32.896402133333716
2025-11-14 09:46:31.380565,26.246402133333717
2025-11-14 09:46:31.381565,32.896402133333716
2025-11-14 09:46:31.382565,39.546402133333714
2025-11-14 09:46:31.383565,38.58681600000047
2025-11-14 09:46:31.384565,45.236816000000466
2025-11-14 09:46:31.385565,51.886816000000465
2025-11-14 09:46:31.386565,58.536816000000464
2025-11-14 09:46:31.387565,51.886816000000465
2025-11-14 09:46:31.388565,45.236816000000466
2025-11-14 09:46:31.389565,38.58681600000047
2025-11-14 09:46:31.390565,31.93681600000047
2025-11-14 09:46:31.391565,25.28681600000047
2025-11-14 09:46:31.392565,31.93681600000047
2025-11-14 09:46:31.393565,38.58681600000047
2025-11-14 09:46:31.394565,45.236816000000466
2025-11-14 09:46:31.395565,51.886816000000465
2025-11-14 09:46:31.396565,58.536816000000464
2025-11-14 09:46:31.397565,65.18681600000046
2025-11-14 09:46:31.398565,71.83681600000047
2025-11-14 09:46:31.399565,78.48681600000047
2025-11-14 09:46:31.400565,85.13681600000048
2025-11-14 09:46:31.401565,78.48681600000047
2025-11-14 09:46:31.402565,71.83681600000047
2025-11-14 09:46:31.403565,66.61144106666698
2025-11-14 09:46:31.404565,59.961441066666985
2025-11-14 09:46:31.405565,53.31144106666699
2025-11-14 09:46:31.406565,46.66144106666699
2025-11-14 09:46:31.407565,53.31144106666699
2025-11-14 09:46:31.408565,59.961441066666985
2025-11-14 09:46:31.409565,66.61144106666698
2025-11-14 09:46:31.410565,73.26144106666699
2025-11-14 09:46:31.411565,79.911441066667
2025-11-14 09:46:31.412565,73.26144106666699
2025-11-14 09:46:31.413565,66.61144106666698
2025-11-14 09:46:31.414565,59.961441066666985
2025-11-14 09:46:31.415565,53.31144106666699
2025-11-14 09:46:31.416565,46.66144106666699
2025-11-14 09:46:31.417565,40.01144106666699
2025-11-14 09:46:31.418565,33.36144106666699
2025-11-14 09:46:31.419565,26.711441066666993
2025-11-14 09:46:31.420565,20.061441066666994
2025-11-14 09:46:31.421565,26.711441066666993
2025-11-14 09:46:31.422565,33.36144106666699
2025-11-14 09:46:31.423565,40.01144106666699
2025-11-14 09:46:31.424565,46.66144106666699
2025-11-14 09:46:31.425565,53.31144106666699
2025-11-14 09:46:31.426565,59.961441066666985
2025-11-14 09:46:31.427565,54.5
2025-11-14 09:46:31.428565,47.85
2025-11-14 09:46:31.429565,41.2
2025-11-14 09:46:31.430565,34.550000000000004
2025-11-14 09:46:31.431565,41.2
2025-11-14 09:46:31.432565,47.85
2025-11-14 09:46:31.433565,54.5
2025-11-14 09:46:31.434565,61.15
2025-11-14 09:46:31.435565,67.8
2025-11-14 09:46:31.436565,74.45
2025-11-14 09:46:31.437565,81.10000000000001
2025-11-14 09:46:31.438565,79.8861888000006
2025-11-14 09:46:31.439565,78.61733333333368
2025-11-14 09:46:31.440565,71.96733333333367
2025-11-14 09:46:31.441565,65.31733333333366
2025-11-14 09:46:31.442565,58.667333333333666
2025-11-14 09:46:31.443565,58.73500373333357
2025-11-14 09:46:31.444565,65.38500373333358
2025-11-14 09:46:31.445565,72.03500373333358
2025-11-14 09:46:31.446565,78.68500373333359
2025-11-14 09:46:31.447565,85.3350037333336
2025-11-14 09:46:31.448565,91.9850037333336
2025-11-14 09:46:31.449565,98.6350037333336
2025-11-14 09:46:31.450565,99.7424149333333
2025-11-14 09:46:31.451565,93.09241493333329
2025-11-14 09:46:31.452565,86.44241493333328
2025-11-14 09:46:31.453565,79.79241493333328
2025-11-14 09:46:31.454565,73.14241493333327
2025-11-14 09:46:31.455565,66.49241493333327
2025-11-14 09:46:31.456565,59.842414933333266
2025-11-14 09:46:31.457565,53.19241493333327
2025-11-14 09:46:31.458565,46.54241493333327
2025-11-14 09:46:31.459565,39.89241493333327
2025-11-14 09:46:31.460565,46.54241493333327
2025-11-14 09:46:31.461565,53.19241493333327
2025-11-14 09:46:31.462565,54.5
2025-11-14 09:46:31.463565,55.012138666666004
2025-11-14 09:46:31.464565,48.362138666666006
2025-11-14 09:46:31.465565,41.71213866666601
2025-11-14 09:46:31.466565,42.78975786666603
2025-11-14 09:46:31.467565,49.43975786666603
2025-11-14 09:46:31.468565,56.08975786666603
2025-11-14 09:46:31.469565,62.739757866666025
2025-11-14 09:46:31.470565,69.38975786666603
2025-11-14 09:46:31.471565,76.03975786666604
2025-11-14 09:46:31.472565,69.38975786666603
2025-11-14 09:46:31.473565,62.73975786666603
2025-11-14 09:46:31.474565,56.089757866666034
2025-11-14 09:46:31.475565,49.439757866666035
2025-11-14 09:46:31.476565,47.23529173333356
2025-11-14 09:46:31.477565,53.88529173333356
2025-11-14 09:46:31.478565,60.53529173333356
2025-11-14 09:46:31.479565,67.18529173333356
2025-11-14 09:46:31.480565,73.7853546666667
2025-11-14 09:46:31.481565,80.43535466666671
2025-11-14 09:46:31.482565,73.7853546666667
2025-11-14 09:46:31.483565,67.1353546666667
2025-11-14 09:46:31.484565,60.4853546666667
2025-11-14 09:46:31.485565,53.8353546666667
2025-11-14 09:46:31.486565,47.185354666666704
2025-11-14 09:46:31.487565,40.535354666666706
2025-11-14 09:46:31.488565,33.88535466666671
2025-11-14 09:46:31.489565,27.23535466666671
2025-11-14 09:46:31.490565,20.58535466666671
2025-11-14 09:46:31.491565,13.93535466666671
2025-11-14 09:46:31.492565,20.58535466666671
2025-11-14 09:46:31.493565,27.23535466666671
2025-11-14 09:46:31.494565,33.88535466666671
2025-11-14 09:46:31.495565,40.535354666666706
2025-11-14 09:46:31.496565,47.185354666666704
2025-11-14 09:46:31.497565,40.535354666666706
2025-11-14 09:46:31.498565,33.88535466666671
2025-11-14 09:46:31.499565,27.23535466666671
2025-11-14 09:46:31.500565,20.58535466666671
2025-11-14 09:46:31.501565,27.23535466666671
2025-11-14 09:46:31.502565,33.88535466666671
2025-11-14 09:46:31.503565,40.535354666666706
2025-11-14 09:46:31.504565,47.185354666666704
2025-11-14 09:46:31.505565,53.8353546666667
2025-11-14 09:46:31.506565,60.4853546666667
2025-11-14 09:46:31.507565,67.1353546666667
2025-11-14 09:46:31.508565,73.7853546666667
2025-11-14 09:46:31.509565,80.43535466666671
2025-11-14 09:46:31.510565,87.08535466666672
2025-11-14 09:46:31.511565,86.01993600000027
2025-11-14 09:46:31.512565,79.36993600000027
2025-11-14 09:46:31.513565,72.71993600000026
2025-11-14 09:46:31.514565,66.06993600000025
2025-11-14 09:46:31.515565,59.419936000000256
2025-11-14 09:46:31.516565,66.06993600000025
2025-11-14 09:46:31.517565,72.71993600000026
2025-11-14 09:46:31.518565,79.36993600000027
2025-11-14 09:46:31.519565,86.01993600000027
2025-11-14 09:46:31.520565,92.66993600000028
2025-11-14 09:46:31.521565,86.01993600000027
2025-11-14 09:46:31.522565,79.36993600000027
2025-11-14 09:46:31.523565,72.71993600000026
2025-11-14 09:46:31.524565,66.06993600000025
2025-11-14 09:46:31.525565,59.419936000000256
2025-11-14 09:46:31.526565,52.76993600000026
2025-11-14 09:46:31.527565,46.11993600000026
2025-11-14 09:46:31.528565,39.46993600000026
2025-11-14 09:46:31.529565,32.81993600000026
2025-11-14 09:46:31.530565,39.46993600000026
2025-11-14 09:46:31.531565,38.24293120000044
2025-11-14 09:46:31.532565,44.89293120000044
2025-11-14 09:46:31.533565,51.54293120000044
2025-11-14 09:46:31.534565,58.19293120000044
2025-11-14 09:46:31.535565,64.84293120000044
2025-11-14 09:46:31.536565,71.49293120000044
2025-11-14 09:46:31.537565,64.84293120000044
2025-11-14 09:46:31.538565,58.19293120000044
2025-11-14 09:46:31.539565,51.54293120000044
2025-11-14 09:46:31.540565,44.89293120000044
2025-11-14 09:46:31.541565,38.24293120000044
2025-11-14 09:46:31.542565,44.89293120000044
2025-11-14 09:46:31.543565,51.54293120000044
2025-11-14 09:46:31.544565,58.19293120000044
2025-11-14 09:46:31.545565,60.421940266666525
2025-11-14 09:46:31.546565,53.771940266666526
2025-11-14 09:46:31.547565,47.12194026666653
2025-11-14 09:46:31.548565,53.771940266666526
2025-11-14 09:46:31.549565,60.421940266666525
2025-11-14 09:46:31.550565,67.07194026666653
2025-11-14 09:46:31.551565,73.72194026666654
2025-11-14 09:46:31.552565,67.07194026666653
2025-11-14 09:46:31.553565,60.42194026666653
2025-11-14 09:46:31.554565,53.77194026666653
2025-11-14 09:46:31.555565,60.42194026666653
2025-11-14 09:46:31.556565,67.07194026666653
2025-11-14 09:46:31.557565,73.72194026666654
2025-11-14 09:46:31.558565,67.53584426666659
2025-11-14 09:46:31.559565,71.98535040000048
2025-11-14 09:46:31.560565,69.7915242666675
2025-11-14 09:46:31.561565,65.01288746666621
2025-11-14 09:46:31.562565,58.362887466666216
2025-11-14 09:46:31.563565,51.71288746666622
2025-11-14 09:46:31.564565,45.06288746666622
2025-11-14 09:46:31.565565,38.41288746666622
2025-11-14 09:46:31.566565,45.06288746666622
2025-11-14 09:46:31.567565,45.63333333333333
2025-11-14 09:46:31.568565,52.28333333333333
2025-11-14 09:46:31.569565,45.863582933332616
2025-11-14 09:46:31.570565,39.21358293333262
2025-11-14 09:46:31.571565,32.56358293333262
2025-11-14 09:46:31.572565,39.21358293333262
2025-11-14 09:46:31.573565,45.863582933332616
2025-11-14 09:46:31.574565,52.513582933332614
2025-11-14 09:46:31.575565,59.16358293333261
2025-11-14 09:46:31.576565,52.513582933332614
2025-11-14 09:46:31.577565,45.863582933332616
2025-11-14 09:46:31.578565,39.21358293333262
2025-11-14 09:46:31.579565,44.33539520000015
2025-11-14 09:46:31.580565,48.00761386666561
2025-11-14 09:46:31.581565,54.657613866665606
2025-11-14 09:46:31.582565,54.5
2025-11-14 09:46:31.583565,57.879547733334235
2025-11-14 09:46:31.584565,64.52954773333424
2025-11-14 09:46:31.585565,71.17954773333425
2025-11-14 09:46:31.586565,77.82954773333425
2025-11-14 09:46:31.587565,84.47954773333426
2025-11-14 09:46:31.588565,91.12954773333426
2025-11-14 09:46:31.589565,97.77954773333427
2025-11-14 09:46:31.590565,104.42954773333427
2025-11-14 09:46:31.591565,111.07954773333428
2025-11-14 09:46:31.592565,104.42954773333427
2025-11-14 09:46:31.593565,97.77954773333427
2025-11-14 09:46:31.594565,91.12954773333426
2025-11-14 09:46:31.595565,84.47954773333426
2025-11-14 09:46:31.596565,77.82954773333425
2025-11-14 09:46:31.597565,71.17954773333425
2025-11-14 09:46:31.598565,64.52954773333424
2025-11-14 09:46:31.599565,57.87954773333424
2025-11-14 09:46:31.600565,51.22954773333424
2025-11-14 09:46:31.601565,47.592795733333396
2025-11-14 09:46:31.602565,54.242795733333395
2025-11-14 09:46:31.603565,60.892795733333394
2025-11-14 09:46:31.604565,67.54279573333339
2025-11-14 09:46:31.605565,64.5600490666676
2025-11-14 09:46:31.606565,71.21004906666761
2025-11-14 09:46:31.607565,72.23333333333333
2025-11-14 09:46:31.608565,71.83156693333319
2025-11-14 09:46:31.609565,78.4815669333332
2025-11-14 09:46:31.610565,85.1315669333332
2025-11-14 09:46:31.611565,91.78156693333321
2025-11-14 09:46:31.612565,85.1315669333332
2025-11-14 09:46:31.613565,78.4815669333332
2025-11-14 09:46:31.614565,71.83156693333319
2025-11-14 09:46:31.615565,65.18156693333319
2025-11-14 09:46:31.616565,58.53156693333319
2025-11-14 09:46:31.617565,65.18156693333319
2025-11-14 09:46:31.618565,71.83156693333319
2025-11-14 09:46:31.619565,78.4815669333332
2025-11-14 09:46:31.620565,85.1315669333332
2025-11-14 09:46:31.621565,91.78156693333321
2025-11-14 09:46:31.622565,85.1315669333332
2025-11-14 09:46:31.623565,78.4815669333332
2025-11-14 09:46:31.624565,71.83156693333319
2025-11-14 09:46:31.625565,65.18156693333319
2025-11-14 09:46:31.626565,58.53156693333319
2025-11-14 09:46:31.627565,51.88156693333319
2025-11-14 09:46:31.628565,45.23156693333319
2025-11-14 09:46:31.629565,38.58156693333319
2025-11-14 09:46:31.630565,31.931566933333194
2025-11-14 09:46:31.631565,28.744674133332914
2025-11-14 09:46:31.632565,35.39467413333291
2025-11-14 09:46:31.633565,42.04467413333291
2025-11-14 09:46:31.634565,48.69467413333291
2025-11-14 09:46:31.635565,55.34467413333291
2025-11-14 09:46:31.636565,61.99467413333291
2025-11-14 09:46:31.637565,68.64467413333291
2025-11-14 09:46:31.638565,75.29467413333292
2025-11-14 09:46:31.639565,68.64467413333291
2025-11-14 09:46:31.640565,61.994674133332914
2025-11-14 09:46:31.641565,55.344674133332916
2025-11-14 09:46:31.642565,54.5
2025-11-14 09:46:31.643565,61.15
2025-11-14 09:46:31.644565,63.74800426666661
2025-11-14 09:46:31.645565,60.09777493333357
2025-11-14 09:46:31.646565,53.925723733333456
2025-11-14 09:46:31.647565,47.27572373333346
2025-11-14 09:46:31.648565,40.62572373333346
2025-11-14 09:46:31.649565,33.97572373333346
2025-11-14 09:46:31.650565,40.442715733332925
2025-11-14 09:46:31.651565,47.09271573333292
2025-11-14 09:46:31.652565,53.74271573333292
2025-11-14 09:46:31.653565,60.39271573333292
2025-11-14 09:46:31.654565,67.04271573333293
2025-11-14 09:46:31.655565,73.69271573333293
2025-11-14 09:46:31.656565,80.34271573333294
2025-11-14 09:46:31.657565,73.69271573333293
2025-11-14 09:46:31.658565,67.04271573333293
2025-11-14 09:46:31.659565,60.39271573333293
2025-11-14 09:46:31.660565,53.74271573333293
2025-11-14 09:46:31.661565,47.09271573333293
2025-11-14 09:46:31.662565,53.74271573333293
2025-11-14 09:46:31.663565,60.39271573333293
2025-11-14 09:46:31.664565,67.04271573333293
2025-11-14 09:46:31.665565,73.69271573333293
2025-11-14 09:46:31.666565,80.34271573333294
2025-11-14 09:46:31.667565,86.99271573333294
2025-11-14 09:46:31.668565,93.64271573333295
2025-11-14 09:46:31.669565,100.29271573333295
2025-11-14 09:46:31.670565,104.30711680000053
2025-11-14 09:46:31.671565,97.65711680000052
2025-11-14 09:46:31.672565,91.00711680000052
2025-11-14 09:46:31.673565,84.35711680000051
2025-11-14 09:46:31.674565,77.7071168000005
2025-11-14 09:46:31.675565,71.0571168000005
2025-11-14 09:46:31.676565,64.4071168000005
2025-11-14 09:46:31.677565,57.757116800000496
2025-11-14 09:46:31.678565,52.16430720000062
2025-11-14 09:46:31.679565,58.81430720000062
2025-11-14 09:46:31.680565,65.46430720000062
2025-11-14 09:46:31.681565,72.11430720000062
2025-11-14 09:46:31.682565,65.46430720000062
2025-11-14 09:46:31.683565,58.81430720000062
2025-11-14 09:46:31.684565,52.16430720000062
2025-11-14 09:46:31.685565,45.51430720000062
2025-11-14 09:46:31.686565,38.864307200000624
2025-11-14 09:46:31.687565,45.51430720000062
2025-11-14 09:46:31.688565,52.16430720000062
2025-11-14 09:46:31.689565,58.81430720000062
2025-11-14 09:46:31.690565,65.46430720000062
2025-11-14 09:46:31.691565,72.11430720000062
2025-11-14 09:46:31.692565,65.46430720000062
2025-11-14 09:46:31.693565,58.81430720000062
2025-11-14 09:46:31.694565,52.16430720000062
2025-11-14 09:46:31.695565,47.098532266667625
2025-11-14 09:46:31.696565,40.44853226666763
2025-11-14 09:46:31.697565,33.79853226666763
2025-11-14 09:46:31.698565,27.14853226666763
2025-11-14 09:46:31.699565,20.49853226666763
2025-11-14 09:46:31.700565,27.14853226666763
2025-11-14 09:46:31.701565,33.79853226666763
2025-11-14 09:46:31.702565,40.44853226666763
2025-11-14 09:46:31.703565,33.79853226666763
2025-11-14 09:46:31.704565,35.95291946666613
2025-11-14 09:46:31.705565,41.255044266666886
2025-11-14 09:46:31.706565,47.905044266666884
2025-11-14 09:46:31.707565,54.55504426666688
2025-11-14 09:46:31.708565,61.20504426666688
2025-11-14 09:46:31.709565,67.85504426666688
2025-11-14 09:46:31.710565,74.50504426666689
2025-11-14 09:46:31.711565,81.15504426666689
2025-11-14 09:46:31.712565,74.50504426666689
2025-11-14 09:46:31.713565,67.85504426666688
2025-11-14 09:46:31.714565,61.20504426666688
2025-11-14 09:46:31.715565,54.55504426666688
2025-11-14 09:46:31.716565,61.20504426666688
2025-11-14 09:46:31.717565,63.36666666666666
2025-11-14 09:46:31.718565,56.71666666666666
2025-11-14 09:46:31.719565,50.094614399999806
2025-11-14 09:46:31.720565,46.646828799999625
2025-11-14 09:46:31.721565,53.29682879999962
2025-11-14 09:46:31.722565,54.5
2025-11-14 09:46:31.723565,47.85
2025-11-14 09:46:31.724565,54.5
2025-11-14 09:46:31.725565,61.15
2025-11-14 09:46:31.726565,67.8
2025-11-14 09:46:31.727565,74.45
2025-11-14 09:46:31.728565,67.8
2025-11-14 09:46:31.729565,61.15
2025-11-14 09:46:31.730565,67.8
2025-11-14 09:46:31.731565,74.45
2025-11-14 09:46:31.732565,67.8
2025-11-14 09:46:31.733565,61.15
2025-11-14 09:46:31.734565,54.5
2025-11-14 09:46:31.735565,47.85
2025-11-14 09:46:31.736565,41.2
2025-11-14 09:46:31.737565,34.550000000000004
2025-11-14 09:46:31.738565,39.72657279999973
2025-11-14 09:46:31.739565,33.07657279999973
2025-11-14 09:46:31.740565,39.72657279999973
2025-11-14 09:46:31.741565,46.37657279999973
2025-11-14 09:46:31.742565,53.02657279999973
2025-11-14 09:46:31.743565,46.37657279999973
2025-11-14 09:46:31.744565,40.45009280000073
2025-11-14 09:46:31.745565,47.10009280000073
2025-11-14 09:46:31.746565,40.45009280000073
2025-11-14 09:46:31.747565,33.80009280000073
2025-11-14 09:46:31.748565,40.45009280000073
2025-11-14 09:46:31.749565,45.5267914666667
2025-11-14 09:46:31.750565,40.796247466666806
2025-11-14 09:46:31.751565,47.446247466666804
2025-11-14 09:46:31.752565,54.0962474666668
2025-11-14 09:46:31.753565,57.63723946666694
2025-11-14 09:46:31.754565,64.28723946666695
2025-11-14 09:46:31.755565,70.93723946666695
2025-11-14 09:46:31.756565,77.58723946666696
2025-11-14 09:46:31.757565,84.23723946666696
2025-11-14 09:46:31.758565,83.64054826666727
2025-11-14 09:46:31.759565,90.29054826666727
2025-11-14 09:46:31.760565,83.64054826666727
2025-11-14 09:46:31.761565,76.99054826666726
2025-11-14 09:46:31.762565,70.34054826666726
2025-11-14 09:46:31.763565,63.69054826666726
2025-11-14 09:46:31.764565,57.04054826666726
2025-11-14 09:46:31.765565,50.39054826666726
2025-11-14 09:46:31.766565,52.47527893333218
2025-11-14 09:46:31.767565,59.125278933332176
2025-11-14 09:46:31.768565,65.77527893333217
2025-11-14 09:46:31.769565,72.42527893333218
2025-11-14 09:46:31.770565,79.07527893333219
2025-11-14 09:46:31.771565,72.42527893333218
2025-11-14 09:46:31.772565,65.77527893333217
2025-11-14 09:46:31.773565,72.42527893333218
2025-11-14 09:46:31.774565,65.77527893333217
2025-11-14 09:46:31.775565,59.125278933332176
2025-11-14 09:46:31.776565,52.47527893333218
2025-11-14 09:46:31.777565,45.82527893333218
2025-11-14 09:46:31.778565,39.17527893333218
2025-11-14 09:46:31.779565,32.52527893333218
2025-11-14 09:46:31.780565,25.875278933332183
2025-11-14 09:46:31.781565,19.225278933332184
2025-11-14 09:46:31.782565,25.875278933332183
2025-11-14 09:46:31.783565,32.52527893333218
2025-11-14 09:46:31.784565,39.17527893333218
2025-11-14 09:46:31.785565,45.82527893333218
2025-11-14 09:46:31.786565,52.47527893333218
2025-11-14 09:46:31.787565,59.125278933332176
2025-11-14 09:46:31.788565,65.77527893333217
2025-11-14 09:46:31.789565,72.42527893333218
2025-11-14 09:46:31.790565,79.07527893333219
2025-11-14 09:46:31.791565,85.72527893333219
2025-11-14 09:46:31.792565,79.07527893333219
2025-11-14 09:46:31.793565,72.42527893333218
2025-11-14 09:46:31.794565,65.77527893333217
2025-11-14 09:46:31.795565,59.125278933332176
2025-11-14 09:46:31.796565,52.47527893333218
2025-11-14 09:46:31.797565,45.82527893333218
2025-11-14 09:46:31.798565,39.17527893333218
2025-11-14 09:46:31.799565,43.91206506666667
2025-11-14 09:46:31.800565,37.26206506666667
2025-11-14 09:46:31.801565,30.612065066666673
2025-11-14 09:46:31.802565,37.26206506666667
2025-11-14 09:46:31.803565,43.91206506666667
2025-11-14 09:46:31.804565,37.99977173333256
2025-11-14 09:46:31.805565,31.34977173333256
2025-11-14 09:46:31.806565,35.557962666668516
2025-11-14 09:46:31.807565,42.207962666668514
2025-11-14 09:46:31.808565,48.142103466664274
2025-11-14 09:46:31.809565,54.79210346666427
2025-11-14 09:46:31.810565,61.44210346666427
2025-11-14 09:46:31.811565,62.40764799999742
2025-11-14 09:46:31.812565,55.757647999997424
2025-11-14 09:46:31.813565,62.40764799999742
2025-11-14 09:46:31.814565,69.05764799999743
2025-11-14 09:46:31.815565,75.70764799999743
2025-11-14 09:46:31.816565,69.05764799999743
2025-11-14 09:46:31.817565,72.23333333333333
2025-11-14 09:46:31.818565,78.88333333333334
2025-11-14 09:46:31.819565,72.23333333333333
2025-11-14 09:46:31.820565,65.58333333333333
2025-11-14 09:46:31.821565,66.7493354666675
2025-11-14 09:46:31.822565,60.099335466667505
2025-11-14 09:46:31.823565,53.449335466667506
2025-11-14 09:46:31.824565,50.32741760000171
2025-11-14 09:46:31.825565,56.97741760000171
2025-11-14 09:46:31.826565,56.635944533331426
2025-11-14 09:46:31.827565,49.98594453333143
2025-11-14 09:46:31.828565,43.33594453333143
2025-11-14 09:46:31.829565,36.68594453333143
2025-11-14 09:46:31.830565,30.03594453333143
2025-11-14 09:46:31.831565,34.738257066669945
2025-11-14 09:46:31.832565,41.388257066669944
2025-11-14 09:46:31.833565,48.03825706666994
2025-11-14 09:46:31.834565,54.68825706666994
2025-11-14 09:46:31.835565,61.33825706666994
2025-11-14 09:46:31.836565,62.67038506666745
2025-11-14 09:46:31.837565,56.02038506666745
2025-11-14 09:46:31.838565,62.09156906666669
2025-11-14 09:46:31.839565,55.441569066666695
2025-11-14 09:46:31.840565,48.791569066666696
2025-11-14 09:46:31.841565,45.722425600001046
2025-11-14 09:46:31.842565,52.372425600001044
2025-11-14 09:46:31.843565,56.10961920000065
2025-11-14 09:46:31.844565,49.45961920000065
2025-11-14 09:46:31.845565,42.809619200000654
2025-11-14 09:46:31.846565,36.159619200000655
2025-11-14 09:46:31.847565,29.509619200000657
2025-11-14 09:46:31.848565,22.859619200000658
2025-11-14 09:46:31.849565,29.509619200000657
2025-11-14 09:46:31.850565,36.159619200000655
2025-11-14 09:46:31.851565,40.29375573333113
2025-11-14 09:46:31.852565,46.94375573333113
2025-11-14 09:46:31.853565,53.59375573333113
2025-11-14 09:46:31.854565,60.24375573333113
2025-11-14 09:46:31.855565,53.90841600000071
2025-11-14 09:46:31.856565,57.697107200001184
2025-11-14 09:46:31.857565,51.047107200001186
2025-11-14 09:46:31.858565,44.39710720000119
2025-11-14 09:46:31.859565,37.74710720000119
2025-11-14 09:46:31.860565,31.09710720000119
2025-11-14 09:46:31.861565,24.44710720000119
2025-11-14 09:46:31.862565,31.09710720000119
2025-11-14 09:46:31.863565,37.74710720000119
2025-11-14 09:46:31.864565,44.39710720000119
2025-11-14 09:46:31.865565,51.047107200001186
2025-11-14 09:46:31.866565,57.697107200001184
2025-11-14 09:46:31.867565,64.34710720000119
2025-11-14 09:46:31.868565,70.9971072000012
2025-11-14 09:46:31.869565,77.6471072000012
2025-11-14 09:46:31.870565,84.29710720000121
2025-11-14 09:46:31.871565,90.94710720000121
2025-11-14 09:46:31.872565,84.29710720000121
2025-11-14 09:46:31.873565,77.6471072000012
2025-11-14 09:46:31.874565,70.9971072000012
2025-11-14 09:46:31.875565,64.34710720000119
2025-11-14 09:46:31.876565,57.69710720000119
2025-11-14 09:46:31.877565,51.04710720000119
2025-11-14 09:46:31.878565,44.397107200001194
2025-11-14 09:46:31.879565,37.747107200001196
2025-11-14 09:46:31.880565,31.097107200001197
2025-11-14 09:46:31.881565,24.4471072000012
2025-11-14 09:46:31.882565,31.097107200001197
2025-11-14 09:46:31.883565,37.747107200001196
2025-11-14 09:46:31.884565,44.397107200001194
2025-11-14 09:46:31.885565,51.04710720000119
2025-11-14 09:46:31.886565,57.69710720000119
2025-11-14 09:46:31.887565,64.34710720000119
2025-11-14 09:46:31.888565,70.9971072000012
2025-11-14 09:46:31.889565,70.35402559999974
2025-11-14 09:46:31.890565,75.32148693333394
2025-11-14 09:46:31.891565,68.67148693333394
2025-11-14 09:46:31.892565,62.02148693333394
2025-11-14 09:46:31.893565,55.37148693333394
2025-11-14 09:46:31.894565,48.72148693333394
2025-11-14 09:46:31.895565,42.071486933333944
2025-11-14 09:46:31.896565,35.421486933333945
2025-11-14 09:46:31.897565,28.771486933333946
2025-11-14 09:46:31.898565,22.121486933333948
2025-11-14 09:46:31.899565,28.771486933333946
2025-11-14 09:46:31.900565,35.421486933333945
2025-11-14 09:46:31.901565,42.071486933333944
2025-11-14 09:46:31.902565,48.72148693333394
2025-11-14 09:46:31.903565,42.071486933333944
2025-11-14 09:46:31.904565,48.72148693333394
2025-11-14 09:46:31.905565,55.37148693333394
2025-11-14 09:46:31.906565,62.02148693333394
2025-11-14 09:46:31.907565,68.67148693333394
2025-11-14 09:46:31.908565,75.32148693333394
2025-11-14 09:46:31.909565,81.97148693333395
2025-11-14 09:46:31.910565,75.32148693333394
2025-11-14 09:46:31.911565,68.67148693333394
2025-11-14 09:46:31.912565,62.02148693333394
2025-11-14 09:46:31.913565,66.65485226666539
2025-11-14 09:46:31.914565,65.96736639999945
2025-11-14 09:46:31.915565,72.61736639999945
2025-11-14 09:46:31.916565,65.96736639999945
2025-11-14 09:46:31.917565,59.31736639999945
2025-11-14 09:46:31.918565,52.66736639999945
2025-11-14 09:46:31.919565,46.01736639999945
2025-11-14 09:46:31.920565,52.66736639999945
2025-11-14 09:46:31.921565,59.31736639999945
2025-11-14 09:46:31.922565,54.5
2025-11-14 09:46:31.923565,47.85
2025-11-14 09:46:31.924565,41.2
2025-11-14 09:46:31.925565,34.550000000000004
2025-11-14 09:46:31.926565,27.900000000000006
2025-11-14 09:46:31.927565,21.250000000000007
2025-11-14 09:46:31.928565,14.600000000000007
2025-11-14 09:46:31.929565,7.950000000000006
2025-11-14 09:46:31.930565,1.4469738666663083
2025-11-14 09:46:31.931565,8.096973866666309
2025-11-14 09:46:31.932565,14.746973866666309
2025-11-14 09:46:31.933565,21.396973866666308
2025-11-14 09:46:31.934565,28.046973866666306
2025-11-14 09:46:31.935565,34.696973866666305
2025-11-14 09:46:31.936565,32.46299946666523
2025-11-14 09:46:31.937565,27.9
2025-11-14 09:46:31.938565,27.975473066666147
2025-11-14 09:46:31.939565,34.625473066666146
2025-11-14 09:46:31.940565,39.394604800000046
2025-11-14 09:46:31.941565,32.74460480000005
2025-11-14 09:46:31.942565,39.394604800000046
2025-11-14 09:46:31.943565,46.044604800000045
2025-11-14 09:46:31.944565,52.69460480000004
2025-11-14 09:46:31.945565,59.34460480000004
2025-11-14 09:46:31.946565,65.99460480000005
2025-11-14 09:46:31.947565,72.64460480000005
2025-11-14 09:46:31.948565,79.29460480000006
2025-11-14 09:46:31.949565,85.94460480000006
2025-11-14 09:46:31.950565,92.59460480000007
2025-11-14 09:46:31.951565,99.24460480000008
2025-11-14 09:46:31.952565,92.59460480000007
2025-11-14 09:46:31.953565,85.94460480000006
2025-11-14 09:46:31.954565,79.29460480000006
2025-11-14 09:46:31.955565,72.64460480000005
2025-11-14 09:46:31.956565,65.99460480000005
2025-11-14 09:46:31.957565,59.34460480000005
2025-11-14 09:46:31.958565,52.69460480000005
2025-11-14 09:46:31.959565,46.04460480000005
2025-11-14 09:46:31.960565,52.69460480000005
2025-11-14 09:46:31.961565,59.34460480000005
2025-11-14 09:46:31.962565,54.5
2025-11-14 09:46:31.963565,47.85
2025-11-14 09:46:31.964565,41.2
2025-11-14 09:46:31.965565,47.85
2025-11-14 09:46:31.966565,54.5
2025-11-14 09:46:31.967565,61.15
2025-11-14 09:46:31.968565,67.8
2025-11-14 09:46:31.969565,67.23891733333359
2025-11-14 09:46:31.970565,73.8889173333336
2025-11-14 09:46:31.971565,80.5389173333336
2025-11-14 09:46:31.972565,73.8889173333336
2025-11-14 09:46:31.973565,67.23891733333359
2025-11-14 09:46:31.974565,60.58891733333359
2025-11-14 09:46:31.975565,53.93891733333359
2025-11-14 09:46:31.976565,47.28891733333359
2025-11-14 09:46:31.977565,40.638917333333595
2025-11-14 09:46:31.978565,33.988917333333596
2025-11-14 09:46:31.979565,40.638917333333595
2025-11-14 09:46:31.980565,47.28891733333359
2025-11-14 09:46:31.981565,53.93891733333359
2025-11-14 09:46:31.982565,54.5
2025-11-14 09:46:31.983565,61.15
2025-11-14 09:46:31.984565,67.8
2025-11-14 09:46:31.985565,74.45
2025-11-14 09:46:31.986565,75.10471466666503
2025-11-14 09:46:31.987565,68.45471466666503
2025-11-14 09:46:31.988565,61.80471466666503
2025-11-14 09:46:31.989565,55.15471466666503
2025-11-14 09:46:31.990565,48.50471466666503
2025-11-14 09:46:31.991565,55.15471466666503
2025-11-14 09:46:31.992565,54.5
2025-11-14 09:46:31.993565,47.85
2025-11-14 09:46:31.994565,54.5
2025-11-14 09:46:31.995565,61.15
2025-11-14 09:46:31.996565,67.8
2025-11-14 09:46:31.997565,74.45
2025-11-14 09:46:31.998565,80.75668266666757
2025-11-14 09:46:31.999565,81.2042719999994
2025-11-14 09:46:32.000565,74.5542719999994
2025-11-14 09:46:32.001565,67.9042719999994
2025-11-14 09:46:32.002565,61.254271999999396
2025-11-14 09:46:32.003565,67.9042719999994
2025-11-14 09:46:32.004565,74.5542719999994
2025-11-14 09:46:32.005565,81.2042719999994
2025-11-14 09:46:32.006565,87.85427199999941
2025-11-14 09:46:32.007565,94.50427199999942
2025-11-14 09:46:32.008565,101.15427199999942
2025-11-14 09:46:32.009565,107.80427199999943
2025-11-14 09:46:32.010565,101.15427199999942
2025-11-14 09:46:32.011565,101.17526826666793
2025-11-14 09:46:32.012565,94.52526826666792
2025-11-14 09:46:32.013565,87.87526826666792
2025-11-14 09:46:32.014565,81.22526826666791
2025-11-14 09:46:32.015565,74.5752682666679
2025-11-14 09:46:32.016565,67.9252682666679
2025-11-14 09:46:32.017565,74.5752682666679
2025-11-14 09:46:32.018565,81.22526826666791
2025-11-14 09:46:32.019565,83.28432106666655
2025-11-14 09:46:32.020565,76.63432106666654
2025-11-14 09:46:32.021565,83.28432106666655
2025-11-14 09:46:32.022565,76.63432106666654
2025-11-14 09:46:32.023565,69.98432106666654
2025-11-14 09:46:32.024565,63.33432106666654
2025-11-14 09:46:32.025565,56.68432106666654
2025-11-14 09:46:32.026565,50.03432106666654
2025-11-14 09:46:32.027565,54.5
2025-11-14 09:46:32.028565,61.15
2025-11-14 09:46:32.029565,67.8
2025-11-14 09:46:32.030565,74.45
2025-11-14 09:46:32.031565,81.10000000000001
2025-11-14 09:46:32.032565,74.45
2025-11-14 09:46:32.033565,67.8
2025-11-14 09:46:32.034565,61.15
2025-11-14 09:46:32.035565,54.5
2025-11-14 09:46:32.036565,47.85
2025-11-14 09:46:32.037565,41.2
2025-11-14 09:46:32.038565,34.550000000000004
2025-11-14 09:46:32.039565,27.900000000000006
2025-11-14 09:46:32.040565,21.250000000000007
2025-11-14 09:46:32.041565,27.900000000000006
2025-11-14 09:46:32.042565,34.550000000000004
2025-11-14 09:46:32.043565,41.2
2025-11-14 09:46:32.044565,47.85
2025-11-14 09:46:32.045565,41.2
2025-11-14 09:46:32.046565,34.550000000000004
2025-11-14 09:46:32.047565,27.900000000000006
